           1           1           1        4822        1052
           1           1           2        4651          33
           1           1           3        4859           3
           1           1           4        4947          29
           1           1           5        4410         537
           1           1           6        4570          38
           1           1           7        4886         362
           1           2           1        4585         382
           1           2           2        3742         106
           1           2           3        4750         488
           1           2           4        4770         621
           1           2           5        4317         383
           1           2           6        4657         213
           1           2           7        4456         210
           1           3           1        4754         219
           1           3           2        4684         103
           1           3           3        4491          36
           1           3           4        4799         752
           1           3           5        4531          32
           1           3           6        4936         245
           1           3           7        4879         170
           1           4           1        4961        1252
           1           4           2        4775         226
           1           4           3        4547         503
           1           4           4        4563         378
           1           4           5        4745          25
           1           4           6        4658         216
           1           4           7        4960         204
           1           5           1        4462         200
           1           5           2        4834         668
           1           5           3        4330          64
           1           5           4        4594          26
           1           5           5        4995         130
           1           5           6        4683         331
           1           5           7        4816         154
           1           6           1        4444         161
           1           6           2        4686         573
           1           6           3        4772         539
           1           6           4        4818         122
           1           6           5        4061          90
           1           6           6        4920          40
           1           6           7        4977         128
           1           7           1        4687         939
           1           7           2        4514         758
           1           7           3        4957         349
           1           7           4        4855         502
           1           7           5        4819          86
           1           7           6        4677         450
           1           7           7        4954         184
           2           1           1        4946         429
           2           1           2        4044          59
           2           1           3        4914         131
           2           1           4        4860        1007
           2           1           5        4679         277
           2           1           6        4376         321
           2           1           7        4980         294
           2           2           1        4539         739
           2           2           2        4390         125
           2           2           3        4794         118
           2           2           4        4314         577
           2           2           5        3902          71
           2           2           6        4891         262
           2           2           7        4589         178
           2           3           1        4641         293
           2           3           2        4925         205
           2           3           3        4580        1279
           2           3           4        4917         176
           2           3           5        4982         165
           2           3           6        4861         260
           2           3           7        3816         263
           2           4           1        4968         261
           2           4           2        4746         177
           2           4           3        4701         909
           2           4           4        4458         116
           2           4           5        4763         249
           2           4           6        4985         175
           2           4           7        4825         417
           2           5           1        5000        1000
           2           5           2        4918         790
           2           5           3        4783          85
           2           5           4        4505         313
           2           5           5        4868         301
           2           5           6        4885          17
           2           5           7        4800         440
           2           6           1        4880         107
           2           6           2        4813         209
           2           6           3        4889         164
           2           6           4        4798         223
           2           6           5        4951          78
           2           6           6        4747          47
           2           6           7        4863         137
           2           7           1        4573         275
           2           7           2        4905         187
           2           7           3        4913         624
           2           7           4        4611          45
           2           7           5        4420         412
           2           7           6        4111         224
           2           7           7        4768         105
           3           1           1        4325         269
           3           1           2        4862         444
           3           1           3        4092         136
           3           1           4        4909         295
           3           1           5        4296          18
           3           1           6        4504          10
           3           1           7        4439          93
           3           2           1        4758           4
           3           2           2        4993          54
           3           2           3        4793          52
           3           2           4        4568          62
           3           2           5        4924         512
           3           2           6        4795         267
           3           2           7        4971           8
           3           3           1        4126         534
           3           3           2        3854         904
           3           3           3        4974         221
           3           3           4        4837         425
           3           3           5        4992         549
           3           3           6        4846         318
           3           3           7        4897         625
           3           4           1        4997         148
           3           4           2        4358         135
           3           4           3        4079        1302
           3           4           4        4893          91
           3           4           5        4761         482
           3           4           6        4842         870
           3           4           7        4522        1012
           3           5           1        4652         290
           3           5           2        4655          68
           3           5           3        4866         117
           3           5           4        4613         400
           3           5           5        4978          48
           3           5           6        4811         102
           3           5           7        4875         376
           3           6           1        4638         227
           3           6           2        4848         159
           3           6           3        3983          75
           3           6           4        4532          43
           3           6           5        4845          60
           3           6           6        4895          66
           3           6           7        4099          67
           3           7           1        4966         491
           3           7           2        4665         303
           3           7           3        4969         468
           3           7           4        4374          55
           3           7           5        4433         281
           3           7           6        4707         151
           3           7           7        4959         759
           4           1           1        4773         932
           4           1           2        4976          63
           4           1           3        4956         455
           4           1           4        4419         142
           4           1           5        4930        1241
           4           1           6        4948        1108
           4           1           7        4938          74
           4           2           1        4741         416
           4           2           2        4953         437
           4           2           3        4870         364
           4           2           4        4523          35
           4           2           5        4769         392
           4           2           6        4525         699
           4           2           7        4881         270
           4           3           1        4713         255
           4           3           2        4474         241
           4           3           3        4430          20
           4           3           4        4205         100
           4           3           5        4472         127
           4           3           6        4668         174
           4           3           7        4911         145
           4           4           1        4735         238
           4           4           2        4933          51
           4           4           3        4973         472
           4           4           4        4962         353
           4           4           5        4702         297
           4           4           6        4569         723
           4           4           7        4729         166
           4           5           1        4988         195
           4           5           2        4751         307
           4           5           3        4593          92
           4           5           4        4908          14
           4           5           5        4986         265
           4           5           6        4851         167
           4           5           7        4810         112
           4           6           1        4506         215
           4           6           2        4803         104
           4           6           3        4808         162
           4           6           4        4654         138
           4           6           5        4867          44
           4           6           6        4835         335
           4           6           7        4764         634
           4           7           1        4334         467
           4           7           2        3822         201
           4           7           3        4999         511
           4           7           4        4991         124
           4           7           5        4923         323
           4           7           6        4113         229
           4           7           7        4972          21
           5           1           1        4926         596
           5           1           2        4900         119
           5           1           3        4724         827
           5           1           4        4490         252
           5           1           5        4210           6
           5           1           6        4777         749
           5           1           7        4227         458
           5           2           1        4716         807
           5           2           2        4812         242
           5           2           3        4839          73
           5           2           4        4605         609
           5           2           5        4626          12
           5           2           6        4984          79
           5           2           7        4242         361
           5           3           1        4715         644
           5           3           2        4101         339
           5           3           3        4667         173
           5           3           4        4632         192
           5           3           5        4572         436
           5           3           6        4939           7
           5           3           7        4998         298
           5           4           1        4244         818
           5           4           2        4932          28
           5           4           3        4260         622
           5           4           4        4642         381
           5           4           5        4785          56
           5           4           6        4385         194
           5           4           7        4656         274
           5           5           1        4906         203
           5           5           2        4765         115
           5           5           3        4771         639
           5           5           4        4202           9
           5           5           5        4987         642
           5           5           6        4902          39
           5           5           7        4935         110
           5           6           1        4941         296
           5           6           2        4874         855
           5           6           3        4624          42
           5           6           4        4904          24
           5           6           5        4221         357
           5           6           6        4943         409
           5           6           7        4844          11
           5           7           1        4530         182
           5           7           2        4286         540
           5           7           3        4849         169
           5           7           4        4809         868
           5           7           5        4727         268
           5           7           6        4739          84
           5           7           7        4883        1198
           6           1           1        4820         302
           6           1           2        4990        1032
           6           1           3        4919         678
           6           1           4        4964         133
           6           1           5        4697         280
           6           1           6        4706         501
           6           1           7        4815         386
           6           2           1        4934         212
           6           2           2        4996         168
           6           2           3        4625         748
           6           2           4        4958         393
           6           2           5        4791         507
           6           2           6        4379          69
           6           2           7        4983         230
           6           3           1        4979          89
           6           3           2        4882          61
           6           3           3        4453         563
           6           3           4        4915           2
           6           3           5        4559         328
           6           3           6        4466         256
           6           3           7        4989          16
           6           4           1        4787         551
           6           4           2        4418         919
           6           4           3        4887         389
           6           4           4        4903         114
           6           4           5        4211         208
           6           4           6        4543         770
           6           4           7        4912         158
           6           5           1        4606         140
           6           5           2        4454         111
           6           5           3        4119         273
           6           5           4        3975        1188
           6           5           5        4670         487
           6           5           6        4174         355
           6           5           7        4722          82
           6           6           1        4394         347
           6           6           2        4767         402
           6           6           3        4513          94
           6           6           4        4602          41
           6           6           5        4617         422
           6           6           6        4137         144
           6           6           7        4732          23
           6           7           1        4517          22
           6           7           2        4796          83
           6           7           3        4970        1056
           6           7           4        4994         180
           6           7           5        4955          46
           6           7           6        4273          19
           6           7           7        4367         134
           7           1           1        4708         246
           7           1           2        4829        1006
           7           1           3        4832          65
           7           1           4        4864         278
           7           1           5        4922         698
           7           1           6        4675         448
           7           1           7        4759         183
           7           2           1        3459         157
           7           2           2        4206         695
           7           2           3        4757         350
           7           2           4        4766          99
           7           2           5        4872         254
           7           2           6        4931         531
           7           2           7        4967         579
           7           3           1        4824         610
           7           3           2        4899         147
           7           3           3        4928         608
           7           3           4        4756           5
           7           3           5        4929          27
           7           3           6        4207         419
           7           3           7        4858          50
           7           4           1        3836         311
           7           4           2        4700         554
           7           4           3        4981         188
           7           4           4        4945         333
           7           4           5        4703         414
           7           4           6        4806         340
           7           4           7        4944           1
           7           5           1        4890          37
           7           5           2        3485          58
           7           5           3        4360          77
           7           5           4        4356         163
           7           5           5        4131         523
           7           5           6        4877         197
           7           5           7        4608         372
           7           6           1        4587         232
           7           6           2        4436         126
           7           6           3        4748         211
           7           6           4        3802         250
           7           6           5        4615          97
           7           6           6        4287         234
           7           6           7        4520         324
           7           7           1        4817          57
           7           7           2        4856          13
           7           7           3        4963          49
           7           7           4        4674         421
           7           7           5        4749          15
           7           7           6        4709         505
           7           7           7        4975         171
